chr1	3037825	3038123	0.13745	0.664949	10	8.362e-07	5.7593e-08	0.86495	0.2
chr1	3052955	3053188	1	0.520833	10	6.0058e-05	6.0926e-05	0.975	0.45417
chr1	3147776	3148450	1	0.570357	12	6.0343e-07	2.1848e-06	0.96979	0.39943
chr1	3772044	3772151	1	0.539637	12	8.7953e-07	6.5134e-06	0.93507	0.39543
chr1	3987876	3988038	0.089316	0.615386	13	3.5274e-10	3.7423e-08	0.93141	0.31602
chr1	4333211	4333967	1	0.265163	10	0.046387	0.09179	0.89162	0.62646
chr1	4394878	4395774	1	0.488454	15	1.2362e-06	1.5919e-05	0.92679	0.43833
chr1	4478577	4478907	1	0.382190	13	0.00015861	0.0088714	0.9152	0.53301
chr1	4498092	4499276	1	0.471553	14	1.9349e-06	6.4064e-07	0.84685	0.3753
chr1	4522692	4523475	0.00011884	0.565036	23	4.4454e-12	4.9794e-11	0.96232	0.39728
